{
 "cells": [
  {
   "cell_type": "markdown",
   "metadata": {},
   "source": [
    "# Erasmus Neural Networks\n",
    "http://michalbereta.pl/nn\n",
    "## MNIST database\n"
   ]
  },
  {
   "cell_type": "markdown",
   "metadata": {},
   "source": [
    "## Before you start\n",
    "\n",
    "Exacute the examples.\n",
    "\n",
    "Then, do the tasks and send back the notebook.\n",
    "\n",
    "Change the name of this notebook according to the schema: {YourSurname}\\_{YourFirstName}\\_{OriginalFileName}.\n",
    "\n",
    "Be sure to fill all places with \"YOUR ANSWER HERE\".\n",
    "\n",
    "When ready, send the notebook, with all the necessary files zipped, to the teacher."
   ]
  },
  {
   "cell_type": "markdown",
   "metadata": {},
   "source": [
    "### How to save an object (the network) to file with pickle"
   ]
  },
  {
   "cell_type": "code",
   "execution_count": 22,
   "metadata": {},
   "outputs": [
    {
     "name": "stdout",
     "output_type": "stream",
     "text": [
      "[[0.454 0.89 ]\n",
      " [0.37  0.804]\n",
      " [0.474 0.788]\n",
      " [0.206 0.338]\n",
      " [0.18  0.216]\n",
      " [0.272 0.258]\n",
      " [0.688 0.398]\n",
      " [0.614 0.294]\n",
      " [0.708 0.306]]\n",
      "[0 0 0 1 1 1 2 2 2]\n",
      "\n",
      "dloss: 1.0991071507263495\n",
      "erate: 0.6666666666666666\n",
      "errors: 6\n",
      "[1 1 1 1 1 1 1 1 1]\n",
      "starting learning...\n",
      "\n",
      "iteration 1\n",
      "probs:\n",
      " [[0.36758928 0.30255224 0.32985848]\n",
      " [0.36438835 0.30633226 0.32927939]\n",
      " [0.36341572 0.30444117 0.33214311]\n",
      " [0.34630974 0.32063554 0.33305472]\n",
      " [0.34159056 0.32401772 0.33439171]\n",
      " [0.3429833  0.32097217 0.33604453]\n",
      " [0.34720179 0.30849981 0.3442984 ]\n",
      " [0.34336315 0.31245992 0.34417694]\n",
      " [0.34352456 0.31009059 0.34638485]]\n",
      "dloss: 1.0684878828273545\n",
      "erate: 0.4444444444444444\n",
      "errors: 4\n",
      "[0 0 0 0 0 0 0 2 2]\n",
      "\n",
      "iteration 2\n",
      "probs:\n",
      " [[0.39256735 0.28368551 0.32374714]\n",
      " [0.3864789  0.29057515 0.32294595]\n",
      " [0.38435594 0.28712708 0.32851698]\n",
      " [0.35166349 0.31690123 0.33143528]\n",
      " [0.34264243 0.32313474 0.33422283]\n",
      " [0.3451712  0.31740821 0.33742059]\n",
      " [0.35239296 0.29417312 0.35343392]\n",
      " [0.34521259 0.30136456 0.35342285]\n",
      " [0.34528666 0.29693502 0.35777832]]\n",
      "dloss: 1.0418132768395094\n",
      "erate: 0.3333333333333333\n",
      "errors: 3\n",
      "[0 0 0 0 0 0 2 2 2]\n",
      "\n",
      "iteration 3\n",
      "probs:\n",
      " [[0.41182596 0.27108951 0.31708454]\n",
      " [0.4031358  0.28068705 0.31617715]\n",
      " [0.39971209 0.27593698 0.32435093]\n",
      " [0.35273742 0.3178505  0.32941208]\n",
      " [0.33976201 0.32666398 0.33357402]\n",
      " [0.34320923 0.31847132 0.33831945]\n",
      " [0.35240512 0.28552006 0.36207482]\n",
      " [0.34230293 0.29551378 0.36218329]\n",
      " [0.34208104 0.28921852 0.36870044]]\n",
      "dloss: 1.0167941429087728\n",
      "erate: 0.3333333333333333\n",
      "errors: 3\n",
      "[0 0 0 0 0 0 2 2 2]\n",
      "\n",
      "iteration 4\n",
      "probs:\n",
      " [[0.42797673 0.26176625 0.31025701]\n",
      " [0.4168469  0.27384865 0.30930445]\n",
      " [0.41206709 0.26794783 0.31998507]\n",
      " [0.35159316 0.32127727 0.32712957]\n",
      " [0.33490957 0.33253481 0.33255562]\n",
      " [0.33916799 0.32196393 0.33886807]\n",
      " [0.34980041 0.27977488 0.37042471]\n",
      " [0.33705558 0.29232734 0.37061708]\n",
      " [0.33643229 0.28425003 0.37931768]]\n",
      "dloss: 0.9927934674997925\n",
      "erate: 0.3333333333333333\n",
      "errors: 3\n",
      "[0 0 0 0 0 0 2 2 2]\n",
      "\n",
      "iteration 5\n",
      "probs:\n",
      " [[0.44240487 0.25421535 0.30337978]\n",
      " [0.42893156 0.26864174 0.3024267 ]\n",
      " [0.42278632 0.26169467 0.31551902]\n",
      " [0.34930597 0.32605348 0.32464055]\n",
      " [0.32910204 0.33968338 0.33121459]\n",
      " [0.33412018 0.32676538 0.33911444]\n",
      " [0.34590098 0.27556167 0.37853735]\n",
      " [0.33071551 0.29051659 0.3787679 ]\n",
      " [0.32963716 0.28069296 0.38966988]]\n",
      "dloss: 0.9696168630106841\n",
      "erate: 0.2222222222222222\n",
      "errors: 2\n",
      "[0 0 0 0 1 2 2 2 2]\n",
      "\n",
      "iteration 6\n",
      "probs:\n",
      " [[0.45582648 0.24765954 0.29651398]\n",
      " [0.44007427 0.26432725 0.29559848]\n",
      " [0.43257662 0.25641583 0.31100755]\n",
      " [0.34642964 0.33157851 0.32199184]\n",
      " [0.32286056 0.34753968 0.32959976]\n",
      " [0.32861409 0.33228057 0.33910533]\n",
      " [0.34137894 0.27216931 0.38645174]\n",
      " [0.32391315 0.28941309 0.38667376]\n",
      " [0.32235187 0.27785846 0.39978967]]\n",
      "dloss: 0.9471924669927285\n",
      "erate: 0.2222222222222222\n",
      "errors: 2\n",
      "[0 0 0 0 1 2 2 2 2]\n",
      "\n",
      "iteration 7\n",
      "probs:\n",
      " [[0.46860754 0.24168791 0.28970455]\n",
      " [0.45062769 0.26051186 0.28886045]\n",
      " [0.44180175 0.25170599 0.30649226]\n",
      " [0.34324961 0.33752366 0.31922673]\n",
      " [0.31645217 0.35578905 0.32775878]\n",
      " [0.32292942 0.33818467 0.33888591]\n",
      " [0.33657496 0.26922092 0.39420412]\n",
      " [0.31696615 0.28866166 0.39437218]\n",
      " [0.31490717 0.27538329 0.40970954]]\n",
      "dloss: 0.9254834509484131\n",
      "erate: 0.2222222222222222\n",
      "errors: 2\n",
      "[0 0 0 0 1 2 2 2 2]\n",
      "\n",
      "iteration 8\n",
      "probs:\n",
      " [[0.480934   0.23608071 0.28298529]\n",
      " [0.46077362 0.2569838  0.28224259]\n",
      " [0.45064932 0.24734602 0.30200466]\n",
      " [0.33991441 0.34370512 0.31638047]\n",
      " [0.31001469 0.36425337 0.32573193]\n",
      " [0.31720947 0.34429654 0.33849399]\n",
      " [0.33166249 0.2665135  0.40182401]\n",
      " [0.31003454 0.28807089 0.40189457]\n",
      " [0.30747006 0.27307367 0.41945627]]\n",
      "dloss: 0.9044634186448666\n",
      "erate: 0.0\n",
      "errors: 0\n",
      "[0 0 0 1 1 1 2 2 2]\n",
      "\n",
      "iteration 9\n",
      "probs:\n",
      " [[0.49289996 0.23071972 0.27638032]\n",
      " [0.47060634 0.25362836 0.2757653 ]\n",
      " [0.45921688 0.24321602 0.2975671 ]\n",
      " [0.33650265 0.35001805 0.31347931]\n",
      " [0.30362008 0.3728292  0.32355072]\n",
      " [0.31152815 0.35051328 0.33795858]\n",
      " [0.32673072 0.26393667 0.40933261]\n",
      " [0.30319896 0.28753698 0.40926406]\n",
      " [0.30012525 0.270826   0.42904874]]\n",
      "dloss: 0.8841093126334411\n",
      "erate: 0.0\n",
      "errors: 0\n",
      "[0 0 0 1 1 1 2 2 2]\n",
      "\n",
      "iteration 10\n",
      "probs:\n",
      " [[0.50455285 0.22554121 0.26990594]\n",
      " [0.48017534 0.25038337 0.26944129]\n",
      " [0.46755592 0.23924966 0.29319442]\n",
      " [0.33305696 0.35640125 0.31054179]\n",
      " [0.29730644 0.38145464 0.32123892]\n",
      " [0.30592384 0.35677521 0.33730095]\n",
      " [0.32182625 0.26143011 0.41674365]\n",
      " [0.29649985 0.28700379 0.41649636]\n",
      " [0.29291588 0.26858557 0.43849855]]\n",
      "dloss: 0.8643993361352231\n",
      "erate: 0.0\n",
      "errors: 0\n",
      "[0 0 0 1 1 1 2 2 2]\n",
      "\n",
      "iteration 11\n",
      "probs:\n",
      " [[0.51591657 0.22051078 0.26357265]\n",
      " [0.48950714 0.24721524 0.26327762]\n",
      " [0.47569428 0.23540977 0.28889594]\n",
      " [0.32960123 0.36281798 0.30758079]\n",
      " [0.29109426 0.39009117 0.31881457]\n",
      " [0.30041655 0.36304685 0.3365366 ]\n",
      " [0.31697391 0.25896095 0.42406514]\n",
      " [0.28995712 0.28644141 0.42360147]\n",
      " [0.28586385 0.26632433 0.44781182]]\n",
      "dloss: 0.8453123489888353\n",
      "erate: 0.0\n",
      "errors: 0\n",
      "[0 0 0 1 1 1 2 2 2]\n",
      "\n",
      "iteration 12\n",
      "probs:\n",
      " [[0.5270033  0.21560987 0.25738682]\n",
      " [0.49861654 0.24410596 0.2572775 ]\n",
      " [0.48364769 0.23167511 0.28467721]\n",
      " [0.32614951 0.36924524 0.30460525]\n",
      " [0.2849947  0.39871359 0.31629171]\n",
      " [0.29501658 0.36930638 0.33567703]\n",
      " [0.31218732 0.25651146 0.43130122]\n",
      " [0.28358001 0.28583448 0.43058551]\n",
      " [0.27898004 0.26402898 0.45699098]]\n",
      "dloss: 0.8268277050189623\n",
      "erate: 0.0\n",
      "errors: 0\n",
      "[0 0 0 1 1 1 2 2 2]\n",
      "\n",
      "iteration 13\n",
      "probs:\n",
      " [[0.53781955 0.21082843 0.25135202]\n",
      " [0.50751238 0.24104607 0.25144155]\n",
      " [0.49142561 0.22803319 0.2805412 ]\n",
      " [0.32271048 0.37566795 0.30162157]\n",
      " [0.27901387 0.40730445 0.31368168]\n",
      " [0.28972907 0.37553986 0.33473107]\n",
      " [0.30747414 0.2540723  0.43845356]\n",
      " [0.27737212 0.28517573 0.43745215]\n",
      " [0.27226948 0.26169432 0.4660362 ]]\n",
      "dloss: 0.808925221813278\n",
      "erate: 0.0\n",
      "errors: 0\n",
      "[0 0 0 1 1 1 2 2 2]\n",
      "\n",
      "iteration 14\n",
      "probs:\n",
      " [[0.54836926 0.20616087 0.24546987]\n",
      " [0.51620055 0.23803074 0.24576871]\n",
      " [0.49903429 0.2244764  0.27648931]\n",
      " [0.31928992 0.3820756  0.29863448]\n",
      " [0.27315502 0.4158509  0.31099408]\n",
      " [0.28455628 0.38173786 0.33370585]\n",
      " [0.3028388  0.25163888 0.44552232]\n",
      " [0.27133396 0.28446246 0.44420358]\n",
      " [0.26573393 0.25931964 0.47494643]]\n",
      "dloss: 0.7915851883666591\n",
      "erate: 0.0\n",
      "errors: 0\n",
      "[0 0 0 1 1 1 2 2 2]\n",
      "\n",
      "iteration 15\n",
      "probs:\n",
      " [[0.55865537 0.20160398 0.23974065]\n",
      " [0.52468549 0.23505764 0.24025687]\n",
      " [0.50647838 0.22099978 0.27252184]\n",
      " [0.31589191 0.38846038 0.29564772]\n",
      " [0.26741978 0.42434288 0.30823734]\n",
      " [0.27949887 0.3878937  0.33260743]\n",
      " [0.29828392 0.24920921 0.45250687]\n",
      " [0.2654643  0.28369452 0.45084117]\n",
      " [0.25937328 0.25690669 0.48372004]]\n",
      "dloss: 0.7747883812338883\n",
      "erate: 0.0\n",
      "errors: 0\n",
      "[0 0 0 1 1 1 2 2 2]\n",
      "\n",
      "iteration 16\n",
      "probs:\n",
      " [[0.56868057 0.19715572 0.23416371]\n",
      " [0.53297103 0.23212577 0.2349032 ]\n",
      " [0.51376167 0.21759987 0.26863846]\n",
      " [0.31251952 0.39481615 0.29266434]\n",
      " [0.26180874 0.43277212 0.30541914]\n",
      " [0.27455651 0.39400234 0.33144115]\n",
      " [0.29381101 0.24678282 0.45940618]\n",
      " [0.2597609  0.28287319 0.45736592]\n",
      " [0.25318625 0.25445851 0.49235524]]\n",
      "dloss: 0.7585160801141309\n",
      "erate: 0.0\n",
      "errors: 0\n",
      "[0 0 0 1 1 1 2 2 2]\n",
      "\n",
      "iteration 17\n",
      "probs:\n",
      " [[0.57844773 0.19281458 0.22873769]\n",
      " [0.54106074 0.22923481 0.22970446]\n",
      " [0.52088758 0.21427405 0.26483837]\n",
      " [0.30917519 0.40113783 0.28968698]\n",
      " [0.25632185 0.44113161 0.30254654]\n",
      " [0.26972831 0.40005981 0.33021189]\n",
      " [0.28942087 0.24436005 0.46621908]\n",
      " [0.25422085 0.28200051 0.46377864]\n",
      " [0.24717084 0.25197879 0.50085036]]\n",
      "dloss: 0.7427500802417728\n",
      "erate: 0.0\n",
      "errors: 0\n",
      "[0 0 0 1 1 1 2 2 2]\n",
      "\n",
      "iteration 18\n",
      "probs:\n",
      " [[0.58796002 0.18857923 0.22346075]\n",
      " [0.54895815 0.22638477 0.22465708]\n",
      " [0.52785932 0.21102017 0.26112051]\n",
      " [0.30586092 0.40742107 0.28671801]\n",
      " [0.25095857 0.44941523 0.2996262 ]\n",
      " [0.26501295 0.40606285 0.3289242 ]\n",
      " [0.28511383 0.24194173 0.47294444]\n",
      " [0.24884086 0.28107898 0.47008016]\n",
      " [0.2413245  0.24947155 0.50920396]]\n",
      "dloss: 0.7274727010470594\n",
      "erate: 0.0\n",
      "errors: 0\n",
      "[0 0 0 1 1 1 2 2 2]\n",
      "\n",
      "iteration 19\n",
      "probs:\n",
      " [[0.59722096 0.1844484  0.21833064]\n",
      " [0.55666686 0.22357579 0.21975734]\n",
      " [0.53468003 0.20783636 0.2574836 ]\n",
      " [0.30257838 0.41366205 0.28375957]\n",
      " [0.24571805 0.45761754 0.2966644 ]\n",
      " [0.26040886 0.41200875 0.32758239]\n",
      " [0.28088988 0.23952892 0.47958121]\n",
      " [0.24361734 0.28011129 0.47627137]\n",
      " [0.23564429 0.24694083 0.51741488]]\n",
      "dloss: 0.7126667912278193\n",
      "erate: 0.0\n",
      "errors: 0\n",
      "[0 0 0 1 1 1 2 2 2]\n",
      "\n",
      "iteration 20\n",
      "probs:\n",
      " [[0.60623446 0.18042074 0.2133448 ]\n",
      " [0.56419054 0.22080806 0.2150014 ]\n",
      " [0.54135284 0.20472092 0.25392625]\n",
      " [0.29932903 0.41985734 0.28081363]\n",
      " [0.24059916 0.46573373 0.2936671 ]\n",
      " [0.25591428 0.41789516 0.32619056]\n",
      " [0.2767487  0.23712282 0.48612847]\n",
      " [0.23854654 0.27910022 0.48235325]\n",
      " [0.23012701 0.24439068 0.52548231]]\n",
      "dloss: 0.6983157305822226\n",
      "erate: 0.0\n",
      "errors: 0\n",
      "[0 0 0 1 1 1 2 2 2]\n",
      "\n",
      "iteration 21\n",
      "probs:\n",
      " [[0.61500473 0.17649483 0.20850044]\n",
      " [0.57153293 0.21808174 0.21038533]\n",
      " [0.54788082 0.20167222 0.25044695]\n",
      " [0.29611407 0.42600388 0.27788205]\n",
      " [0.23560056 0.47375948 0.29063996]\n",
      " [0.2515273  0.42372007 0.32475262]\n",
      " [0.2726898  0.23472469 0.4925855 ]\n",
      " [0.23362455 0.27804856 0.48832689]\n",
      " [0.22476922 0.24182501 0.53340578]]\n",
      "dloss: 0.6844034290005598\n",
      "erate: 0.0\n",
      "errors: 0\n",
      "[0 0 0 1 1 1 2 2 2]\n",
      "\n",
      "iteration 22\n",
      "probs:\n",
      " [[0.62353628 0.17266912 0.2037946 ]\n",
      " [0.57869787 0.21539692 0.20590521]\n",
      " [0.5542671  0.19868874 0.24704415]\n",
      " [0.29293458 0.43209888 0.27496654]\n",
      " [0.23072072 0.48169096 0.28758832]\n",
      " [0.24724591 0.42948177 0.32327233]\n",
      " [0.26871248 0.2323358  0.49895173]\n",
      " [0.22884741 0.27695907 0.49419352]\n",
      " [0.21956732 0.23924757 0.54118511]]\n",
      "dloss: 0.6709143230058735\n",
      "erate: 0.0\n",
      "errors: 0\n",
      "[0 0 0 1 1 1 2 2 2]\n",
      "\n",
      "iteration 23\n",
      "probs:\n",
      " [[0.63183389 0.16894195 0.19922416]\n",
      " [0.58568926 0.21275365 0.20155709]\n",
      " [0.56051477 0.19576898 0.24371625]\n",
      " [0.28979144 0.43813986 0.2720687 ]\n",
      " [0.22595799 0.48952475 0.28451726]\n",
      " [0.243068   0.43517875 0.32175326]\n",
      " [0.26481588 0.22995738 0.50522674]\n",
      " [0.22421109 0.27583447 0.49995444]\n",
      " [0.2145176  0.23666194 0.54882045]]\n",
      "dloss: 0.6578333702055756\n",
      "erate: 0.0\n",
      "errors: 0\n",
      "[0 0 0 1 1 1 2 2 2]\n",
      "\n",
      "iteration 24\n",
      "probs:\n",
      " [[0.63990251 0.1653116  0.19478589]\n",
      " [0.59251103 0.21015191 0.19733706]\n",
      " [0.56662691 0.19291148 0.24046161]\n",
      " [0.28668543 0.44412454 0.26919003]\n",
      " [0.22131056 0.49725786 0.28143158]\n",
      " [0.23899141 0.44080975 0.32019884]\n",
      " [0.26099905 0.22759064 0.5114103 ]\n",
      " [0.21971156 0.27467737 0.50561107]\n",
      " [0.20961625 0.23407153 0.55631222]]\n",
      "dloss: 0.6451460419825861\n",
      "erate: 0.0\n",
      "errors: 0\n",
      "[0 0 0 1 1 1 2 2 2]\n",
      "\n",
      "iteration 25\n",
      "probs:\n",
      " [[0.64774727 0.16177624 0.19047649]\n",
      " [0.59916714 0.20759163 0.19324123]\n",
      " [0.57260659 0.19011483 0.23727858]\n",
      " [0.28361716 0.45005092 0.26633192]\n",
      " [0.21677655 0.50488768 0.27833577]\n",
      " [0.23501395 0.44637371 0.31861234]\n",
      " [0.25726092 0.22523677 0.51750231]\n",
      " [0.21534479 0.27349032 0.51116488]\n",
      " [0.20485941 0.23147951 0.56366109]]\n",
      "dloss: 0.6328383147201788\n",
      "erate: 0.0\n",
      "errors: 0\n",
      "[0 0 0 1 1 1 2 2 2]\n",
      "\n",
      "iteration 26\n",
      "probs:\n",
      " [[0.65537342 0.15833396 0.18629262]\n",
      " [0.60566158 0.20507265 0.18926577]\n",
      " [0.57845686 0.18737763 0.23416551]\n",
      " [0.28058718 0.45591718 0.26349564]\n",
      " [0.21235396 0.51241196 0.27523408]\n",
      " [0.23113337 0.45186974 0.31699688]\n",
      " [0.25360031 0.22289686 0.52350283]\n",
      " [0.21110678 0.27227578 0.51661745]\n",
      " [0.20024316 0.22888889 0.57086795]]\n",
      "dloss: 0.6208966598218233\n",
      "erate: 0.0\n",
      "errors: 0\n",
      "[0 0 0 1 1 1 2 2 2]\n",
      "\n",
      "iteration 27\n",
      "probs:\n",
      " [[0.66278628 0.15498283 0.18223089]\n",
      " [0.61199831 0.20259479 0.18540691]\n",
      " [0.58418075 0.18469851 0.23112074]\n",
      " [0.2775959  0.46172172 0.26068238]\n",
      " [0.20804073 0.5198288  0.27213047]\n",
      " [0.22734744 0.45729715 0.31535541]\n",
      " [0.250016   0.22057198 0.52941202]\n",
      " [0.20699355 0.27103608 0.52197037]\n",
      " [0.19576361 0.22630246 0.57793392]]\n",
      "dloss: 0.6093080327566358\n",
      "erate: 0.0\n",
      "errors: 0\n",
      "[0 0 0 1 1 1 2 2 2]\n",
      "\n",
      "iteration 28\n",
      "probs:\n",
      " [[0.66999125 0.15172083 0.17828792]\n",
      " [0.61818128 0.20015778 0.18166094]\n",
      " [0.58978125 0.18207613 0.22814262]\n",
      " [0.27464363 0.46746316 0.25789322]\n",
      " [0.20383474 0.52713661 0.26902865]\n",
      " [0.22365387 0.46265538 0.31369074]\n",
      " [0.2465067  0.21826312 0.53523018]\n",
      " [0.2030012  0.26977349 0.52722532]\n",
      " [0.19141685 0.22372285 0.5848603 ]]\n",
      "dloss: 0.5980598613329715\n",
      "erate: 0.0\n",
      "errors: 0\n",
      "[0 0 0 1 1 1 2 2 2]\n",
      "\n",
      "iteration 29\n",
      "probs:\n",
      " [[0.67699374 0.14854595 0.17446031]\n",
      " [0.62421442 0.19776133 0.17802425]\n",
      " [0.5952613  0.17950919 0.22522951]\n",
      " [0.27173061 0.47314025 0.25512913]\n",
      " [0.19973383 0.53433411 0.26593206]\n",
      " [0.22005042 0.46794404 0.31200554]\n",
      " [0.24307106 0.21597121 0.54095773]\n",
      " [0.19912587 0.26849015 0.53238398]\n",
      " [0.187199   0.22115247 0.59164853]]\n",
      "dloss: 0.5871400333771768\n",
      "erate: 0.0\n",
      "errors: 0\n",
      "[0 0 0 1 1 1 2 2 2]\n",
      "\n",
      "iteration 30\n",
      "probs:\n",
      " [[0.68379916 0.14545612 0.17074471]\n",
      " [0.63010162 0.1954051  0.17449329]\n",
      " [0.60062381 0.17699639 0.22237979]\n",
      " [0.268857   0.47875197 0.25239103]\n",
      " [0.1957358  0.54142029 0.26284391]\n",
      " [0.21653484 0.47316285 0.31030232]\n",
      " [0.23970771 0.21369712 0.54659517]\n",
      " [0.1953638  0.26718813 0.53744807]\n",
      " [0.18310621 0.21859356 0.59830023]]\n",
      "dloss: 0.5765368839715622\n",
      "erate: 0.0\n",
      "errors: 0\n",
      "[0 0 0 1 1 1 2 2 2]\n",
      "\n",
      "iteration 31\n",
      "probs:\n",
      " [[0.69041292 0.14244929 0.16713779]\n",
      " [0.6358467  0.1930887  0.1710646 ]\n",
      " [0.60587165 0.17453648 0.21959188]\n",
      " [0.26602288 0.48429742 0.2496797 ]\n",
      " [0.1918384  0.54839444 0.25976716]\n",
      " [0.21310488 0.47831167 0.30858345]\n",
      " [0.23641524 0.21144167 0.5521431 ]\n",
      " [0.19171128 0.26586937 0.54241935]\n",
      " [0.17913469 0.21604819 0.60481712]]\n",
      "dloss: 0.5662391823850697\n",
      "erate: 0.0\n",
      "errors: 0\n",
      "[0 0 0 1 1 1 2 2 2]\n",
      "\n",
      "iteration 32\n",
      "probs:\n",
      " [[0.69684038 0.13952337 0.16363625]\n",
      " [0.64145344 0.19081174 0.16773482]\n",
      " [0.61100762 0.1721282  0.21686418]\n",
      " [0.26322825 0.48977588 0.24699587]\n",
      " [0.1880394  0.55525605 0.25670455]\n",
      " [0.20975834 0.48339048 0.30685118]\n",
      " [0.23319223 0.20920558 0.55760219]\n",
      " [0.18816472 0.26453574 0.54729955]\n",
      " [0.17528071 0.21351825 0.61120104]]\n",
      "dloss: 0.5562361188117452\n",
      "erate: 0.0\n",
      "errors: 0\n",
      "[0 0 0 1 1 1 2 2 2]\n",
      "\n",
      "iteration 33\n",
      "probs:\n",
      " [[0.70308684 0.1366763  0.16023686]\n",
      " [0.64692556 0.18857376 0.16450069]\n",
      " [0.61603448 0.16977035 0.21419516]\n",
      " [0.26047307 0.49518676 0.24434016]\n",
      " [0.18433654 0.56200488 0.25365858]\n",
      " [0.20649302 0.48839937 0.30510761]\n",
      " [0.23003724 0.20698956 0.56297321]\n",
      " [0.18472059 0.26318899 0.55209043]\n",
      " [0.17154059 0.21100549 0.61745393]]\n",
      "dloss: 0.5465172910158052\n",
      "erate: 0.0\n",
      "errors: 0\n",
      "[0 0 0 1 1 1 2 2 2]\n",
      "\n",
      "iteration 34\n",
      "probs:\n",
      " [[0.70915755 0.13390601 0.15693644]\n",
      " [0.6522667  0.18637429 0.16135901]\n",
      " [0.62095495 0.16746175 0.2115833 ]\n",
      " [0.25775724 0.50052961 0.24171315]\n",
      " [0.18072756 0.56864088 0.25063157]\n",
      " [0.20330678 0.4933385  0.30335472]\n",
      " [0.22694883 0.20479421 0.56825697]\n",
      " [0.18137546 0.26183079 0.55679374]\n",
      " [0.16791073 0.20851148 0.62357779]]\n",
      "dloss: 0.5370726909676261\n",
      "erate: 0.0\n",
      "errors: 0\n",
      "[0 0 0 1 1 1 2 2 2]\n",
      "\n",
      "iteration 35\n",
      "probs:\n",
      " [[0.71505766 0.13121047 0.15373187]\n",
      " [0.65748045 0.18421286 0.1583067 ]\n",
      " [0.62577168 0.16520122 0.20902711]\n",
      " [0.25508059 0.50580409 0.23911532]\n",
      " [0.1772102  0.5751642  0.2476256 ]\n",
      " [0.20019747 0.49820815 0.30159438]\n",
      " [0.22392555 0.2026201  0.57345435]\n",
      " [0.17812602 0.26046273 0.56141125]\n",
      " [0.16438763 0.20603766 0.62957472]]\n",
      "dloss: 0.5278926915422094\n",
      "erate: 0.0\n",
      "errors: 0\n",
      "[0 0 0 1 1 1 2 2 2]\n",
      "\n",
      "iteration 36\n",
      "probs:\n",
      " [[0.72079225 0.12858765 0.15062011]\n",
      " [0.6625703  0.18208893 0.15534077]\n",
      " [0.63048726 0.16298762 0.20652512]\n",
      " [0.25244294 0.51100999 0.23654708]\n",
      " [0.17378223 0.58157516 0.2446426 ]\n",
      " [0.19716302 0.50300866 0.29982832]\n",
      " [0.22096596 0.20046773 0.5785663 ]\n",
      " [0.17496903 0.25908628 0.56594468]\n",
      " [0.16096783 0.20358533 0.63544684]]\n",
      "dloss: 0.518968033340423\n",
      "erate: 0.0\n",
      "errors: 0\n",
      "[0 0 0 1 1 1 2 2 2]\n",
      "\n",
      "iteration 37\n",
      "probs:\n",
      " [[0.72636629 0.12603554 0.14759817]\n",
      " [0.66753968 0.18000199 0.15245833]\n",
      " [0.63510423 0.16081985 0.20407593]\n",
      " [0.24984403 0.5161472  0.23400877]\n",
      " [0.17044142 0.58787427 0.2416843 ]\n",
      " [0.19420138 0.50774044 0.29805818]\n",
      " [0.21806863 0.19833757 0.5835938 ]\n",
      " [0.17190136 0.25770287 0.57039577]\n",
      " [0.15764799 0.20115567 0.64119634]]\n",
      "dloss: 0.5102898116834312\n",
      "erate: 0.0\n",
      "errors: 0\n",
      "[0 0 0 1 1 1 2 2 2]\n",
      "\n",
      "iteration 38\n",
      "probs:\n",
      " [[0.73178467 0.12355217 0.14466316]\n",
      " [0.67239193 0.17795149 0.14965658]\n",
      " [0.63962507 0.1586968  0.20167813]\n",
      " [0.24728358 0.52121572 0.23150069]\n",
      " [0.16718556 0.59406217 0.23875226]\n",
      " [0.19131054 0.51240398 0.29628548]\n",
      " [0.21523214 0.19623    0.58853786]\n",
      " [0.16891997 0.2563138  0.57476622]\n",
      " [0.15442485 0.19874971 0.64682544]]\n",
      "dloss: 0.5018494638220585\n",
      "erate: 0.0\n",
      "errors: 0\n",
      "[0 0 0 1 1 1 2 2 2]\n",
      "\n",
      "iteration 39\n",
      "probs:\n",
      " [[0.73705214 0.12113561 0.14181225]\n",
      " [0.67713033 0.17593687 0.1469328 ]\n",
      " [0.64405221 0.15661741 0.19933037]\n",
      " [0.2447613  0.52621563 0.22902307]\n",
      " [0.16401248 0.60013964 0.23584788]\n",
      " [0.18848854 0.51699983 0.29451163]\n",
      " [0.21245507 0.19414537 0.59339956]\n",
      " [0.16602194 0.25492033 0.57905774]\n",
      " [0.15129523 0.19636838 0.65233638]]\n",
      "dloss: 0.4936387563952599\n",
      "erate: 0.0\n",
      "errors: 0\n",
      "[0 0 0 1 1 1 2 2 2]\n",
      "\n",
      "iteration 40\n",
      "probs:\n",
      " [[0.74217336 0.11878395 0.13904269]\n",
      " [0.68175805 0.17395758 0.14428436]\n",
      " [0.64838803 0.15458064 0.19703133]\n",
      " [0.24227682 0.5311471  0.22657608]\n",
      " [0.16092001 0.60610757 0.23297242]\n",
      " [0.18573345 0.52152858 0.29273797]\n",
      " [0.20973603 0.19208399 0.59817998]\n",
      " [0.16320441 0.25352361 0.58327198]\n",
      " [0.14825605 0.19401251 0.65773143]]\n",
      "dloss: 0.4856497731652572\n",
      "erate: 0.0\n",
      "errors: 0\n",
      "[0 0 0 1 1 1 2 2 2]\n",
      "\n",
      "iteration 41\n",
      "probs:\n",
      " [[0.74715287 0.11649531 0.13635182]\n",
      " [0.68627821 0.17201304 0.14170875]\n",
      " [0.65263482 0.15258546 0.19477972]\n",
      " [0.23982978 0.53601038 0.22415984]\n",
      " [0.15790604 0.61196699 0.23012697]\n",
      " [0.18304341 0.52599088 0.29096572]\n",
      " [0.20707366 0.1900461  0.60288024]\n",
      " [0.16046465 0.25212476 0.58741059]\n",
      " [0.14530431 0.19168282 0.66301287]]\n",
      "dloss: 0.4778749030511661\n",
      "erate: 0.0\n",
      "errors: 0\n",
      "[0 0 0 1 1 1 2 2 2]\n",
      "\n",
      "iteration 42\n",
      "probs:\n",
      " [[0.75199509 0.11426787 0.13373704]\n",
      " [0.69069381 0.17010268 0.13920352]\n",
      " [0.65679484 0.15063088 0.19257429]\n",
      " [0.2374198  0.54080577 0.22177443]\n",
      " [0.15496848 0.617719   0.22731252]\n",
      " [0.18041658 0.5303874  0.28919603]\n",
      " [0.20446659 0.18803192 0.60750149]\n",
      " [0.1578     0.25072478 0.59147521]\n",
      " [0.14243712 0.18937992 0.66818296]]\n",
      "dloss: 0.47030682847794786\n",
      "erate: 0.0\n",
      "errors: 0\n",
      "[0 0 0 1 1 1 2 2 2]\n",
      "\n",
      "iteration 43\n",
      "probs:\n",
      " [[0.75670432 0.11209983 0.13119585]\n",
      " [0.6950078  0.1682259  0.1367663 ]\n",
      " [0.66087028 0.14871591 0.1904138 ]\n",
      " [0.23504645 0.54553366 0.21941989]\n",
      " [0.15210527 0.62336481 0.22452992]\n",
      " [0.17785118 0.53471887 0.28742996]\n",
      " [0.2019135  0.18604162 0.61204488]\n",
      " [0.15520791 0.24932465 0.59546743]\n",
      " [0.13965166 0.18710436 0.67324399]]\n",
      "dloss: 0.4629385140532153\n",
      "erate: 0.0\n",
      "errors: 0\n",
      "[0 0 0 1 1 1 2 2 2]\n",
      "\n",
      "iteration 44\n",
      "probs:\n",
      " [[0.76128474 0.10998945 0.12872581]\n",
      " [0.69922304 0.16638214 0.13439482]\n",
      " [0.6648633  0.14683961 0.18829708]\n",
      " [0.23270931 0.55019449 0.21709619]\n",
      " [0.14931441 0.62890569 0.2217799 ]\n",
      " [0.17534547 0.53898604 0.28566849]\n",
      " [0.19941309 0.18407532 0.61651159]\n",
      " [0.15268592 0.24792526 0.59938882]\n",
      " [0.1369452  0.18485657 0.67819823]]\n",
      "dloss: 0.45576319558071504\n",
      "erate: 0.0\n",
      "errors: 0\n",
      "[0 0 0 1 1 1 2 2 2]\n",
      "\n",
      "iteration 45\n",
      "probs:\n",
      " [[0.76574043 0.10793501 0.12632457]\n",
      " [0.70334231 0.16457079 0.13208689]\n",
      " [0.66877598 0.14500105 0.18622298]\n",
      " [0.23040794 0.55478876 0.21480331]\n",
      " [0.14659392 0.63434299 0.21906309]\n",
      " [0.17289777 0.54318969 0.28391254]\n",
      " [0.19696406 0.18213313 0.62090281]\n",
      " [0.15023163 0.24652744 0.60324092]\n",
      " [0.13431512 0.18263695 0.68304794]]\n",
      "dloss: 0.4487743694161114\n",
      "erate: 0.0\n",
      "errors: 0\n",
      "[0 0 0 1 1 1 2 2 2]\n",
      "\n",
      "iteration 46\n",
      "probs:\n",
      " [[0.77007532 0.10593484 0.12398984]\n",
      " [0.70736832 0.16279128 0.1298404 ]\n",
      " [0.67261034 0.1431993  0.18419036]\n",
      " [0.22814186 0.55931699 0.21254114]\n",
      " [0.14394187 0.63967811 0.21638002]\n",
      " [0.17050642 0.54733064 0.28216294]\n",
      " [0.19456517 0.18021509 0.62521974]\n",
      " [0.14784276 0.24513198 0.60702525]\n",
      " [0.13175886 0.18044578 0.68779536]]\n",
      "dloss: 0.4419657821679849\n",
      "erate: 0.0\n",
      "errors: 0\n",
      "[0 0 0 1 1 1 2 2 2]\n",
      "\n",
      "iteration 47\n",
      "probs:\n",
      " [[0.77429324 0.10398734 0.12171942]\n",
      " [0.71130368 0.16104303 0.12765329]\n",
      " [0.67636837 0.1414335  0.18219814]\n",
      " [0.22591062 0.56377979 0.2103096 ]\n",
      " [0.14135635 0.64491252 0.21373113]\n",
      " [0.16816983 0.5514097  0.28042047]\n",
      " [0.19221517 0.17832124 0.62946358]\n",
      " [0.1455171  0.2437396  0.61074329]\n",
      " [0.12927396 0.17828331 0.69244273]]\n",
      "dloss: 0.43533142074462683\n",
      "erate: 0.0\n",
      "errors: 0\n",
      "[0 0 0 1 1 1 2 2 2]\n",
      "\n",
      "iteration 48\n",
      "probs:\n",
      " [[0.7783979  0.1020909  0.11951119]\n",
      " [0.71515094 0.15932545 0.12552361]\n",
      " [0.68005199 0.13970276 0.18024525]\n",
      " [0.22371372 0.56817776 0.20810852]\n",
      " [0.13883553 0.65004771 0.21111676]\n",
      " [0.16588645 0.55542772 0.27868584]\n",
      " [0.18991288 0.17645158 0.63363554]\n",
      " [0.14325252 0.24235098 0.6143965 ]\n",
      " [0.12685804 0.17614971 0.69699225]]\n",
      "dloss: 0.4288655027452592\n",
      "erate: 0.0\n",
      "errors: 0\n",
      "[0 0 0 1 1 1 2 2 2]\n",
      "\n",
      "iteration 49\n",
      "probs:\n",
      " [[0.78239291 0.10024401 0.11736309]\n",
      " [0.71891258 0.15763796 0.12344946]\n",
      " [0.68366308 0.13800624 0.17833068]\n",
      " [0.22155069 0.57251157 0.20593774]\n",
      " [0.1363776  0.65508522 0.20853718]\n",
      " [0.16365476 0.55938555 0.27695969]\n",
      " [0.18765711 0.17460608 0.63773682]\n",
      " [0.14104696 0.24096673 0.61798631]\n",
      " [0.1245088  0.1740451  0.70144609]]\n",
      "dloss: 0.42256246719265006\n",
      "erate: 0.0\n",
      "errors: 0\n",
      "[0 0 0 1 1 1 2 2 2]\n",
      "\n",
      "iteration 50\n",
      "probs:\n",
      " [[0.78628173 0.09844515 0.11527312]\n",
      " [0.722591   0.15597999 0.12142901]\n",
      " [0.68720346 0.13634313 0.17645342]\n",
      " [0.21942104 0.5767819  0.20379707]\n",
      " [0.13398079 0.66002662 0.20599258]\n",
      " [0.16147329 0.56328406 0.27524264]\n",
      " [0.1854467  0.17278467 0.64176863]\n",
      " [0.13889846 0.23958744 0.6215141 ]\n",
      " [0.12222403 0.17196955 0.70580642]]\n",
      "dloss: 0.41641696560272146\n",
      "erate: 0.0\n",
      "errors: 0\n",
      "[0 0 0 1 1 1 2 2 2]\n",
      "\n",
      "iteration 51\n",
      "probs:\n",
      " [[0.79006775 0.09669289 0.11323937]\n",
      " [0.72618853 0.15435097 0.11946051]\n",
      " [0.6906749  0.1347126  0.1746125 ]\n",
      " [0.21732425 0.58098947 0.20168628]\n",
      " [0.13164339 0.66487351 0.2034831 ]\n",
      " [0.15934063 0.56712414 0.27353523]\n",
      " [0.18328054 0.17098729 0.64573217]\n",
      " [0.1368051  0.23821364 0.62498126]\n",
      " [0.12000157 0.16992308 0.71007535]]\n",
      "dloss: 0.41042385338560494\n",
      "erate: 0.0\n",
      "errors: 0\n",
      "[0 0 0 1 1 1 2 2 2]\n",
      "\n",
      "iteration 52\n",
      "probs:\n",
      " [[0.79375422 0.0949858  0.11125998]\n",
      " [0.72970742 0.15275033 0.11754225]\n",
      " [0.69407914 0.13311388 0.17280698]\n",
      " [0.21525983 0.58513502 0.19960516]\n",
      " [0.12936371 0.66962749 0.2010088 ]\n",
      " [0.1572554  0.57090665 0.27183795]\n",
      " [0.18115752 0.16921383 0.64962865]\n",
      " [0.13476506 0.23684583 0.62838911]\n",
      " [0.11783937 0.16790566 0.71425497]]\n",
      "dloss: 0.4045781815716677\n",
      "erate: 0.0\n",
      "errors: 0\n",
      "[0 0 0 1 1 1 2 2 2]\n",
      "\n",
      "iteration 53\n",
      "probs:\n",
      " [[0.7973443  0.09332252 0.10933317]\n",
      " [0.73314986 0.15117753 0.11567261]\n",
      " [0.69741786 0.1315462  0.17103594]\n",
      " [0.21322727 0.5892193  0.19755343]\n",
      " [0.12714012 0.67429019 0.19856969]\n",
      " [0.15521624 0.57463249 0.27015127]\n",
      " [0.17907657 0.16746417 0.65345925]\n",
      " [0.13277657 0.23548446 0.63173897]\n",
      " [0.11573542 0.16591724 0.71834734]]\n",
      "dloss: 0.39887518885528\n",
      "erate: 0.0\n",
      "errors: 0\n",
      "[0 0 0 1 1 1 2 2 2]\n",
      "\n",
      "iteration 54\n",
      "probs:\n",
      " [[0.80084105 0.09170173 0.10745722]\n",
      " [0.73651798 0.149632   0.11385002]\n",
      " [0.70069268 0.13000882 0.16929851]\n",
      " [0.21122608 0.59324309 0.19553083]\n",
      " [0.12497104 0.67886324 0.19616572]\n",
      " [0.15322187 0.57830255 0.26847558]\n",
      " [0.17703666 0.16573817 0.65722517]\n",
      " [0.13083794 0.23412995 0.63503211]\n",
      " [0.11368781 0.1639577  0.72235448]]\n",
      "dloss: 0.3933102939485011\n",
      "erate: 0.0\n",
      "errors: 0\n",
      "[0 0 0 1 1 1 2 2 2]\n",
      "\n",
      "iteration 55\n",
      "probs:\n",
      " [[0.80424741 0.09012213 0.10563046]\n",
      " [0.73981383 0.14811321 0.11207296]\n",
      " [0.70390519 0.12850099 0.16759382]\n",
      " [0.20925574 0.59720719 0.19353707]\n",
      " [0.12285491 0.68334828 0.19379681]\n",
      " [0.15127103 0.58191771 0.26681126]\n",
      " [0.17503676 0.16403568 0.66092757]\n",
      " [0.12894754 0.23278268 0.63826978]\n",
      " [0.11169468 0.16202692 0.72627839]]\n",
      "dloss: 0.38787908823639883\n",
      "erate: 0.0\n",
      "errors: 0\n",
      "[0 0 0 1 1 1 2 2 2]\n",
      "\n",
      "iteration 56\n",
      "probs:\n",
      " [[0.80756624 0.08858247 0.10385129]\n",
      " [0.74303942 0.14662061 0.11033997]\n",
      " [0.70705694 0.12702203 0.16592103]\n",
      " [0.20731576 0.60111239 0.19157185]\n",
      " [0.12079023 0.68774695 0.19146282]\n",
      " [0.14936248 0.58547886 0.26515865]\n",
      " [0.17307587 0.16235651 0.66456762]\n",
      " [0.12710378 0.23144301 0.64145321]\n",
      " [0.10975425 0.16012474 0.73012102]]\n",
      "dloss: 0.3825773287253784\n",
      "erate: 0.0\n",
      "errors: 0\n",
      "[0 0 0 1 1 1 2 2 2]\n",
      "\n",
      "iteration 57\n",
      "probs:\n",
      " [[0.8108003  0.08708154 0.10211815]\n",
      " [0.74619668 0.14515368 0.10864964]\n",
      " [0.71014944 0.12557122 0.16427934]\n",
      " [0.20540562 0.60495951 0.18963487]\n",
      " [0.11877553 0.6920609  0.18916357]\n",
      " [0.14749506 0.5889869  0.26351804]\n",
      " [0.17115304 0.16070049 0.66814648]\n",
      " [0.12530516 0.23011125 0.64458359]\n",
      " [0.10786477 0.15825096 0.73388427]]\n",
      "dloss: 0.3774009312756531\n",
      "erate: 0.0\n",
      "errors: 0\n",
      "[0 0 0 1 1 1 2 2 2]\n",
      "\n",
      "iteration 58\n",
      "probs:\n",
      " [[0.81395225 0.08561818 0.10042957]\n",
      " [0.74928748 0.1437119  0.10700062]\n",
      " [0.71318413 0.12414791 0.16266796]\n",
      " [0.20352483 0.60874937 0.1877258 ]\n",
      " [0.1168094  0.69629175 0.18689886]\n",
      " [0.1456676  0.59244269 0.2618897 ]\n",
      " [0.16926731 0.15906741 0.67166528]\n",
      " [0.12355023 0.22878769 0.64766208]\n",
      " [0.10602461 0.15640537 0.73757003]]\n",
      "dloss: 0.3723459641088329\n",
      "erate: 0.0\n",
      "errors: 0\n",
      "[0 0 0 1 1 1 2 2 2]\n",
      "\n",
      "iteration 59\n",
      "probs:\n",
      " [[0.81702466 0.08419124 0.0987841 ]\n",
      " [0.75231364 0.14229475 0.10539161]\n",
      " [0.71616245 0.12275143 0.16108612]\n",
      " [0.20167289 0.61248279 0.18584432]\n",
      " [0.11489044 0.70044112 0.18466844]\n",
      " [0.14387901 0.59584712 0.26027387]\n",
      " [0.16741778 0.15745706 0.67512516]\n",
      " [0.12183757 0.22747261 0.65068983]\n",
      " [0.10423214 0.15458773 0.74118013]]\n",
      "dloss: 0.36740864158153086\n",
      "erate: 0.0\n",
      "errors: 0\n",
      "[0 0 0 1 1 1 2 2 2]\n",
      "\n",
      "iteration 60\n",
      "probs:\n",
      " [[0.82002001 0.08279963 0.09718035]\n",
      " [0.75527691 0.14090173 0.10382135]\n",
      " [0.71908576 0.12138114 0.1595331 ]\n",
      " [0.1998493  0.61616061 0.18399008]\n",
      " [0.11301732 0.70451064 0.18247205]\n",
      " [0.1421282  0.59920106 0.25867074]\n",
      " [0.16560355 0.15586923 0.67852722]\n",
      " [0.12016584 0.22616623 0.65366793]\n",
      " [0.10248583 0.15279779 0.74471638]]\n",
      "dloss: 0.36258531821586343\n",
      "erate: 0.0\n",
      "errors: 0\n",
      "[0 0 0 1 1 1 2 2 2]\n",
      "\n",
      "iteration 61\n",
      "probs:\n",
      " [[0.82294072 0.08144228 0.095617  ]\n",
      " [0.75817902 0.13953235 0.10228863]\n",
      " [0.72195542 0.12003642 0.15800817]\n",
      " [0.19805358 0.61978366 0.18216275]\n",
      " [0.11118872 0.70850189 0.18030938]\n",
      " [0.14041412 0.60250537 0.25708051]\n",
      " [0.16382374 0.15430368 0.68187258]\n",
      " [0.11853374 0.22486878 0.65659748]\n",
      " [0.10078419 0.15103527 0.74818054]]\n",
      "dloss: 0.35787248297775914\n",
      "erate: 0.0\n",
      "errors: 0\n",
      "[0 0 0 1 1 1 2 2 2]\n",
      "\n",
      "iteration 62\n",
      "probs:\n",
      " [[0.82578909 0.08011816 0.09409274]\n",
      " [0.7610216  0.13818611 0.10079228]\n",
      " [0.72477272 0.11871666 0.15651063]\n",
      " [0.19628524 0.62335278 0.18036198]\n",
      " [0.10940339 0.71241648 0.17818013]\n",
      " [0.13873577 0.6057609  0.25550333]\n",
      " [0.16207752 0.15276017 0.68516231]\n",
      " [0.11694002 0.22358045 0.65947953]\n",
      " [0.09912579 0.14929989 0.75157433]]\n",
      "dloss: 0.35326675379407013\n",
      "erate: 0.0\n",
      "errors: 0\n",
      "[0 0 0 1 1 1 2 2 2]\n",
      "\n",
      "iteration 63\n",
      "probs:\n",
      " [[0.82856737 0.07882628 0.09260635]\n",
      " [0.76380627 0.13686255 0.09933118]\n",
      " [0.72753893 0.11742127 0.1550398 ]\n",
      " [0.1945438  0.62686879 0.1785874 ]\n",
      " [0.10766009 0.71625597 0.17608394]\n",
      " [0.13709217 0.60896851 0.25393933]\n",
      " [0.16036406 0.15123846 0.68839749]\n",
      " [0.11538347 0.2223014  0.66231512]\n",
      " [0.09750923 0.14759133 0.75489943]]\n",
      "dloss: 0.3487648722995945\n",
      "erate: 0.0\n",
      "errors: 0\n",
      "[0 0 0 1 1 1 2 2 2]\n",
      "\n",
      "iteration 64\n",
      "probs:\n",
      " [[0.83127772 0.07756566 0.09115662]\n",
      " [0.76653457 0.13556119 0.09790424]\n",
      " [0.73025529 0.11614967 0.15359505]\n",
      " [0.19282879 0.63033254 0.17683868]\n",
      " [0.10595763 0.7200219  0.17402047]\n",
      " [0.13548236 0.61212902 0.25238862]\n",
      " [0.15868256 0.14973829 0.69157916]\n",
      " [0.11386294 0.2210318  0.66510526]\n",
      " [0.0959332  0.1459093  0.7581575 ]]\n",
      "dloss: 0.3443636988052706\n",
      "erate: 0.0\n",
      "errors: 0\n",
      "[0 0 0 1 1 1 2 2 2]\n",
      "\n",
      "iteration 65\n",
      "probs:\n",
      " [[0.83392222 0.07633537 0.0897424 ]\n",
      " [0.76920801 0.13428156 0.09651042]\n",
      " [0.73292299 0.1149013  0.15217571]\n",
      " [0.19113973 0.63374484 0.17511544]\n",
      " [0.10429486 0.72371582 0.17198933]\n",
      " [0.13390544 0.61524327 0.25085129]\n",
      " [0.15703223 0.14825941 0.69470836]\n",
      " [0.11237731 0.21977177 0.66785092]\n",
      " [0.0943964  0.14425345 0.76135015]]\n",
      "dloss: 0.34006020747897403\n",
      "erate: 0.0\n",
      "errors: 0\n",
      "[0 0 0 1 1 1 2 2 2]\n",
      "\n",
      "iteration 66\n",
      "probs:\n",
      " [[0.8365029  0.07513452 0.08836259]\n",
